"person_name_zh","person_code","family_name_zh","family_code","family_code_type","mapping_status"
"“年长的”奥列克","dead_lord_2_1","库洛夫","clan_sturgia_2","runtime_clan_id_current_game_heroes_xml","native_exact"
"瓦尔拉","dead_lord_2_2","库洛夫","clan_sturgia_2","runtime_clan_id_current_game_heroes_xml","native_exact"
"尼姆尔","dead_lord_3_1","巴努·萨兰","clan_aserai_2","runtime_clan_id_current_game_heroes_xml","native_exact"
"兀儿浑","dead_lord_6_1","兀儿浑乃特","clan_khuzait_1","runtime_clan_id_current_game_heroes_xml","native_exact"
"岁仑","dead_lord_6_2","库吉特","clan_khuzait_2","runtime_clan_id_current_game_heroes_xml","native_exact"
"库由格","dead_lord_6_3","阿契特","clan_khuzait_3","runtime_clan_id_current_game_heroes_xml","native_exact"
"温都勒","dead_lord_6_4","阿契特","clan_khuzait_3","runtime_clan_id_current_game_heroes_xml","native_exact"
"“饿人”沃尔比约恩","dead_lord_7_1",,"clan_nord_1","runtime_clan_id_war_sails_heroes_xml","war_sails_runtime_exact"
"伊丽卡","dead_lord_7_2",,"clan_nord_1","runtime_clan_id_war_sails_heroes_xml","war_sails_runtime_exact"
"卢孔","lord_1_1","俄斯提科斯","clan_empire_north_1","runtime_clan_id_current_game_heroes_xml","native_exact"
"苏萨达","lord_1_1_1","俄斯提科斯","clan_empire_north_1","runtime_clan_id_current_game_heroes_xml","native_exact"
"洛达","lord_1_1_10","涅雷采斯","clan_empire_north_3","runtime_clan_id_current_game_heroes_xml","native_exact"
"阿马利娅娜","lord_1_1_11","涅雷采斯","clan_empire_north_3","runtime_clan_id_current_game_heroes_xml","native_exact"
"厄庇斐里娅","lord_1_1_12","印珀斯托雷斯","clan_empire_north_4","runtime_clan_id_current_game_heroes_xml","native_exact"
"阿格娜忒亚","lord_1_1_13","印珀斯托雷斯","clan_empire_north_4","runtime_clan_id_current_game_heroes_xml","native_exact"
"提莉安娜","lord_1_1_14","多伦托斯","clan_empire_north_5","runtime_clan_id_current_game_heroes_xml","native_exact"
"查士丁娜","lord_1_1_15","霍尼斯","clan_empire_north_6","runtime_clan_id_current_game_heroes_xml","native_exact"
"列奥提娅","lord_1_1_16","霍尼斯","clan_empire_north_6","runtime_clan_id_current_game_heroes_xml","native_exact"
"瓦里亚西斯","lord_1_1_17","多伦托斯","clan_empire_north_5","runtime_clan_id_current_game_heroes_xml","native_exact"
"得坎提娅","lord_1_1_2","俄斯提科斯","clan_empire_north_1","runtime_clan_id_current_game_heroes_xml","native_exact"
"维涅兰达","lord_1_1_3","阿耳戈洛斯","clan_empire_north_2","runtime_clan_id_current_game_heroes_xml","native_exact"
"法拉里萨","lord_1_1_4","阿耳戈洛斯","clan_empire_north_2","runtime_clan_id_current_game_heroes_xml","native_exact"
"普雷西娅娜","lord_1_1_5","阿耳戈洛斯","clan_empire_north_2","runtime_clan_id_current_game_heroes_xml","native_exact"
"阿得里刻娅","lord_1_1_6","阿耳戈洛斯","clan_empire_north_2","runtime_clan_id_current_game_heroes_xml","native_exact"
"许拉西娅娜","lord_1_1_7","涅雷采斯","clan_empire_north_3","runtime_clan_id_current_game_heroes_xml","native_exact"
"阿波吕忒娅","lord_1_1_8","涅雷采斯","clan_empire_north_3","runtime_clan_id_current_game_heroes_xml","native_exact"
"厄奥狄西娅","lord_1_1_9","涅雷采斯","clan_empire_north_3","runtime_clan_id_current_game_heroes_xml","native_exact"
"墨尔刻娅","lord_1_10","瓦罗斯","clan_empire_west_2","runtime_clan_id_current_game_heroes_xml","native_exact"
"克洛托耳","lord_1_11","狄俄尼科斯","clan_empire_west_3","runtime_clan_id_current_game_heroes_xml","native_exact"
"卡西农","lord_1_111","狄俄尼科斯","clan_empire_west_3","runtime_clan_id_current_game_heroes_xml","native_exact"
"吕西卡","lord_1_12","狄俄尼科斯","clan_empire_west_3","runtime_clan_id_current_game_heroes_xml","native_exact"
"拉盖娅","lord_1_14","珀特洛斯","clan_empire_south_1","runtime_clan_id_current_game_heroes_xml","native_exact"
"法戎","lord_1_15","列奥尼帕得斯","clan_empire_south_2","runtime_clan_id_current_game_heroes_xml","native_exact"
"芝诺","lord_1_155","列奥尼帕得斯","clan_empire_south_2","runtime_clan_id_current_game_heroes_xml","native_exact"
"马耳提拉","lord_1_16","列奥尼帕得斯","clan_empire_south_2","runtime_clan_id_current_game_heroes_xml","native_exact"
"俄洛斯","lord_1_17","墨斯特里卡洛斯","clan_empire_south_3","runtime_clan_id_current_game_heroes_xml","native_exact"
"霍诺拉图斯","lord_1_177","墨斯特里卡洛斯","clan_empire_south_3","runtime_clan_id_current_game_heroes_xml","native_exact"
"雅忒娅","lord_1_18","墨斯特里卡洛斯","clan_empire_south_3","runtime_clan_id_current_game_heroes_xml","native_exact"
"泽洛西卡","lord_1_2","俄斯提科斯","clan_empire_north_1","runtime_clan_id_current_game_heroes_xml","native_exact"
"恩库里翁","lord_1_20","印珀斯托雷斯","clan_empire_north_4","runtime_clan_id_current_game_heroes_xml","native_exact"
"阿斯居戎","lord_1_21","俄斯提科斯","clan_empire_north_1","runtime_clan_id_current_game_heroes_xml","native_exact"
"安德洛斯","lord_1_22","阿耳戈洛斯","clan_empire_north_2","runtime_clan_id_current_game_heroes_xml","native_exact"
"雅斯提翁","lord_1_23","瓦罗斯","clan_empire_west_2","runtime_clan_id_current_game_heroes_xml","native_exact"
"塔得俄斯","lord_1_24","科穆诺斯","clan_empire_west_1","runtime_clan_id_current_game_heroes_xml","native_exact"
"厄洛倪克斯","lord_1_25","瓦罗斯","clan_empire_west_2","runtime_clan_id_current_game_heroes_xml","native_exact"
"墨里托耳","lord_1_26","狄俄尼科斯","clan_empire_west_3","runtime_clan_id_current_game_heroes_xml","native_exact"
"帕堤耳","lord_1_27","珀特洛斯","clan_empire_south_1","runtime_clan_id_current_game_heroes_xml","native_exact"
"维里娜","lord_1_27_1","珀特洛斯","clan_empire_south_1","runtime_clan_id_current_game_heroes_xml","native_exact"
"欧特洛庇俄斯","lord_1_27_2","珀特洛斯","clan_empire_south_1","runtime_clan_id_current_game_heroes_xml","native_exact"
"瓦西利娅","lord_1_27_3","珀特洛斯","clan_empire_south_1","runtime_clan_id_current_game_heroes_xml","native_exact"
"特弥翁","lord_1_28","列奥尼帕得斯","clan_empire_south_2","runtime_clan_id_current_game_heroes_xml","native_exact"
"萨尼翁","lord_1_29","墨斯特里卡洛斯","clan_empire_south_3","runtime_clan_id_current_game_heroes_xml","native_exact"
"曼忒俄斯","lord_1_3","阿耳戈洛斯","clan_empire_north_2","runtime_clan_id_current_game_heroes_xml","native_exact"
"图里亚多斯","lord_1_30","翁革洛斯","clan_empire_south_4","runtime_clan_id_current_game_heroes_xml","native_exact"
"查士丁娜","lord_1_30_1","翁革洛斯","clan_empire_south_4","runtime_clan_id_current_game_heroes_xml","native_exact"
"佐安娜","lord_1_31","俄斯提科斯","clan_empire_north_1","runtime_clan_id_current_game_heroes_xml","native_exact"
"索拉","lord_1_32","阿耳戈洛斯","clan_empire_north_2","runtime_clan_id_current_game_heroes_xml","native_exact"
"哈利娅","lord_1_33","涅雷采斯","clan_empire_north_3","runtime_clan_id_current_game_heroes_xml","native_exact"
"那得娅","lord_1_34","科穆诺斯","clan_empire_west_1","runtime_clan_id_current_game_heroes_xml","native_exact"
"阿门农","lord_1_35","瓦罗斯","clan_empire_west_2","runtime_clan_id_current_game_heroes_xml","native_exact"
"淮娅","lord_1_36","狄俄尼科斯","clan_empire_west_3","runtime_clan_id_current_game_heroes_xml","native_exact"
"伊拉","lord_1_37","珀特洛斯","clan_empire_south_1","runtime_clan_id_current_game_heroes_xml","native_exact"
"得巴娜","lord_1_39","墨斯特里卡洛斯","clan_empire_south_3","runtime_clan_id_current_game_heroes_xml","native_exact"
"斐诺里娅","lord_1_4","阿耳戈洛斯","clan_empire_north_2","runtime_clan_id_current_game_heroes_xml","native_exact"
"堤诺普斯","lord_1_40","厄拉刻斯","clan_empire_west_4","runtime_clan_id_current_game_heroes_xml","native_exact"
"卡忒拉","lord_1_40_1","厄拉刻斯","clan_empire_west_4","runtime_clan_id_current_game_heroes_xml","native_exact"
"阿科耳","lord_1_41","俄斯提科斯","clan_empire_north_1","runtime_clan_id_current_game_heroes_xml","native_exact"
"亚里翁","lord_1_411","俄斯提科斯","clan_empire_north_1","runtime_clan_id_current_game_heroes_xml","native_exact"
"柏利托耳","lord_1_42","阿耳戈洛斯","clan_empire_north_2","runtime_clan_id_current_game_heroes_xml","native_exact"
"喀宋","lord_1_43","涅雷采斯","clan_empire_north_3","runtime_clan_id_current_game_heroes_xml","native_exact"
"涅摩斯","lord_1_44","科穆诺斯","clan_empire_west_1","runtime_clan_id_current_game_heroes_xml","native_exact"
"得斯波里翁","lord_1_45","罗那利翁","clan_empire_west_5","runtime_clan_id_current_game_heroes_xml","native_exact"
"阿格娜拉","lord_1_45_1","罗那利翁","clan_empire_west_5","runtime_clan_id_current_game_heroes_xml","native_exact"
"福斯托耳","lord_1_45_2","罗那利翁","clan_empire_west_5","runtime_clan_id_current_game_heroes_xml","native_exact"
"涅雷达","lord_1_45_3","罗那利翁","clan_empire_west_5","runtime_clan_id_current_game_heroes_xml","native_exact"
"弥罗斯","lord_1_46","厄拉刻斯","clan_empire_west_4","runtime_clan_id_current_game_heroes_xml","native_exact"
"塞俄耳具斯","lord_1_46_1","厄拉刻斯","clan_empire_west_4","runtime_clan_id_current_game_heroes_xml","native_exact"
"乌尔玻斯","lord_1_47","珀特洛斯","clan_empire_south_1","runtime_clan_id_current_game_heroes_xml","native_exact"
"弥娜","lord_1_47_1","珀特洛斯","clan_empire_south_1","runtime_clan_id_current_game_heroes_xml","native_exact"
"约戎","lord_1_48","列奥尼帕得斯","clan_empire_south_2","runtime_clan_id_current_game_heroes_xml","native_exact"
"阿林匹娅","lord_1_48_1","列奥尼帕得斯","clan_empire_south_2","runtime_clan_id_current_game_heroes_xml","native_exact"
"俄布戎","lord_1_49","翁革洛斯","clan_empire_south_4","runtime_clan_id_current_game_heroes_xml","native_exact"
"崔斯坦尼娅","lord_1_49_1","翁革洛斯","clan_empire_south_4","runtime_clan_id_current_game_heroes_xml","native_exact"
"彭同","lord_1_5","涅雷采斯","clan_empire_north_3","runtime_clan_id_current_game_heroes_xml","native_exact"
"居福耳","lord_1_50","多伦托斯","clan_empire_north_5","runtime_clan_id_current_game_heroes_xml","native_exact"
"尼卡索耳","lord_1_51","霍尼斯","clan_empire_north_6","runtime_clan_id_current_game_heroes_xml","native_exact"
"萨拉提斯","lord_1_52","索拉多斯","clan_empire_west_6","runtime_clan_id_current_game_heroes_xml","native_exact"
"弥那耳维娜","lord_1_52_1","索拉多斯","clan_empire_west_6","runtime_clan_id_current_game_heroes_xml","native_exact"
"阿喀俄斯","lord_1_53","科雷尼俄斯","clan_empire_west_7","runtime_clan_id_current_game_heroes_xml","native_exact"
"西喀尼斯","lord_1_54","维扎耳托斯","clan_empire_south_6","runtime_clan_id_current_game_heroes_xml","native_exact"
"君士塔莉娅","lord_1_54_1","维扎耳托斯","clan_empire_south_6","runtime_clan_id_current_game_heroes_xml","native_exact"
"塞兰冬","lord_1_55","奥隆诺斯","clan_empire_south_7","runtime_clan_id_current_game_heroes_xml","native_exact"
"墨革提娅","lord_1_55_1","奥隆诺斯","clan_empire_south_7","runtime_clan_id_current_game_heroes_xml","native_exact"
"塞拉诺耳","lord_1_56","瓦塔采斯","clan_empire_north_8","runtime_clan_id_current_game_heroes_xml","native_exact"
"革耳马娜","lord_1_56_1","瓦塔采斯","clan_empire_north_8","runtime_clan_id_current_game_heroes_xml","native_exact"
"阿尔忒诺斯","lord_1_57","罗那利翁","clan_empire_west_5","runtime_clan_id_current_game_heroes_xml","native_exact"
"索法利娅","lord_1_57_1","罗那利翁","clan_empire_west_5","runtime_clan_id_current_game_heroes_xml","native_exact"
"塔叙诺耳","lord_1_58","法伦忒斯","clan_empire_north_7","runtime_clan_id_current_game_heroes_xml","native_exact"
"法冬","lord_1_6","涅雷采斯","clan_empire_north_3","runtime_clan_id_current_game_heroes_xml","native_exact"
"塞亚戎","lord_1_62","索拉多斯","clan_empire_west_6","runtime_clan_id_current_game_heroes_xml","native_exact"
"阿律塔","lord_1_62_1","索拉多斯","clan_empire_west_6","runtime_clan_id_current_game_heroes_xml","native_exact"
"巴拉诺耳","lord_1_63","尤利俄斯","clan_empire_south_5","runtime_clan_id_current_game_heroes_xml","native_exact"
"瓦拉里娅","lord_1_63_1","尤利俄斯","clan_empire_south_5","runtime_clan_id_current_game_heroes_xml","native_exact"
"弥隆","lord_1_64","印珀斯托雷斯","clan_empire_north_4","runtime_clan_id_current_game_heroes_xml","native_exact"
"兰塔诺耳","lord_1_66","多伦托斯","clan_empire_north_5","runtime_clan_id_current_game_heroes_xml","native_exact"
"俄吕波斯","lord_1_67","霍尼斯","clan_empire_north_6","runtime_clan_id_current_game_heroes_xml","native_exact"
"塔洛斯","lord_1_68","维扎耳托斯","clan_empire_south_6","runtime_clan_id_current_game_heroes_xml","native_exact"
"西尔维娜","lord_1_68_1","维扎耳托斯","clan_empire_south_6","runtime_clan_id_current_game_heroes_xml","native_exact"
"尼丰","lord_1_69","奥隆诺斯","clan_empire_south_7","runtime_clan_id_current_game_heroes_xml","native_exact"
"阿雷莉安娜","lord_1_69_1","奥隆诺斯","clan_empire_south_7","runtime_clan_id_current_game_heroes_xml","native_exact"
"加里俄斯","lord_1_7","科穆诺斯","clan_empire_west_1","runtime_clan_id_current_game_heroes_xml","native_exact"
"帕那勒娅","lord_1_70","法伦忒斯","clan_empire_north_7","runtime_clan_id_current_game_heroes_xml","native_exact"
"维彭","lord_1_71","马涅俄利斯","clan_empire_west_8","runtime_clan_id_current_game_heroes_xml","native_exact"
"阿巴吕托斯","lord_1_72","普里厄尼科斯","clan_empire_south_8","runtime_clan_id_current_game_heroes_xml","native_exact"
"维维安娜","lord_1_72_1","普里厄尼科斯","clan_empire_south_8","runtime_clan_id_current_game_heroes_xml","native_exact"
"俄瓦戈斯","lord_1_73","科雷尼俄斯","clan_empire_west_7","runtime_clan_id_current_game_heroes_xml","native_exact"
"波庇利娅","lord_1_73_1","科雷尼俄斯","clan_empire_west_7","runtime_clan_id_current_game_heroes_xml","native_exact"
"扎喀尼斯","lord_1_74","尤利俄斯","clan_empire_south_5","runtime_clan_id_current_game_heroes_xml","native_exact"
"泽娜","lord_1_74_1","尤利俄斯","clan_empire_south_5","runtime_clan_id_current_game_heroes_xml","native_exact"
"忒斐罗斯","lord_1_75","科穆诺斯","clan_empire_west_1","runtime_clan_id_current_game_heroes_xml","native_exact"
"文得利娅","lord_1_8","科穆诺斯","clan_empire_west_1","runtime_clan_id_current_game_heroes_xml","native_exact"
"阿庇斯","lord_1_9","瓦罗斯","clan_empire_west_2","runtime_clan_id_current_game_heroes_xml","native_exact"
"朗瓦德","lord_2_1","贡达罗夫","clan_sturgia_1","runtime_clan_id_current_game_heroes_xml","native_exact"
"伊德伦","lord_2_11","库洛夫","clan_sturgia_2","runtime_clan_id_current_game_heroes_xml","native_exact"
"罗日沃尔","lord_2_111","库洛夫","clan_sturgia_2","runtime_clan_id_current_game_heroes_xml","native_exact"
"斯瓦娜","lord_2_12","瓦吉罗夫","clan_sturgia_3","runtime_clan_id_current_game_heroes_xml","native_exact"
"奥斯温","lord_2_121","瓦吉罗夫","clan_sturgia_3","runtime_clan_id_current_game_heroes_xml","native_exact"
"维达尔","lord_2_13","贡达罗夫","clan_sturgia_1","runtime_clan_id_current_game_heroes_xml","native_exact"
"利利扎","lord_2_13_1","贡达罗夫","clan_sturgia_1","runtime_clan_id_current_game_heroes_xml","native_exact"
"安德鲁塔","lord_2_13_2","贡达罗夫","clan_sturgia_1","runtime_clan_id_current_game_heroes_xml","native_exact"
"伊斯凡","lord_2_14","奥米多夫","clan_sturgia_4","runtime_clan_id_current_game_heroes_xml","native_exact"
"瓦尔卡娃","lord_2_14_1","奥米多夫","clan_sturgia_4","runtime_clan_id_current_game_heroes_xml","native_exact"
"扎韦列娜","lord_2_14_2","奥米多夫","clan_sturgia_4","runtime_clan_id_current_game_heroes_xml","native_exact"
"拉塔戈斯特","lord_2_15","维若夫","clan_sturgia_7","runtime_clan_id_current_game_heroes_xml","native_exact"
"亚恰娜","lord_2_15_1","维若夫","clan_sturgia_7","runtime_clan_id_current_game_heroes_xml","native_exact"
"米兰卡","lord_2_15_2","维若夫","clan_sturgia_7","runtime_clan_id_current_game_heroes_xml","native_exact"
"博万","lord_2_15_4","维若夫","clan_sturgia_7","runtime_clan_id_current_game_heroes_xml","native_exact"
"约里格","lord_2_16","奥米多夫","clan_sturgia_4","runtime_clan_id_current_game_heroes_xml","native_exact"
"佳斯卡","lord_2_16_1","奥米多夫","clan_sturgia_4","runtime_clan_id_current_game_heroes_xml","native_exact"
"维杜尔","lord_2_17","托加罗夫","clan_sturgia_5","runtime_clan_id_current_game_heroes_xml","native_exact"
"德拉恰","lord_2_17_1","托加罗夫","clan_sturgia_5","runtime_clan_id_current_game_heroes_xml","native_exact"
"法芬","lord_2_18","伊夏罗夫","clan_sturgia_6","runtime_clan_id_current_game_heroes_xml","native_exact"
"佐里卡","lord_2_18_1","伊夏罗夫","clan_sturgia_6","runtime_clan_id_current_game_heroes_xml","native_exact"
"瓦舍尔基","lord_2_19","维若夫","clan_sturgia_7","runtime_clan_id_current_game_heroes_xml","native_exact"
"维托米拉","lord_2_19_1","维若夫","clan_sturgia_7","runtime_clan_id_current_game_heroes_xml","native_exact"
"阿丝塔","lord_2_2","贡达罗夫","clan_sturgia_1","runtime_clan_id_current_game_heroes_xml","native_exact"
"托维尔","lord_2_20","乌布罗夫","clan_sturgia_8","runtime_clan_id_current_game_heroes_xml","native_exact"
"基莎","lord_2_20_1","乌布罗夫","clan_sturgia_8","runtime_clan_id_current_game_heroes_xml","native_exact"
"斯维多恩","lord_2_21","奥米多夫","clan_sturgia_4","runtime_clan_id_current_game_heroes_xml","native_exact"
"伊兹登卡","lord_2_21_1","奥米多夫","clan_sturgia_4","runtime_clan_id_current_game_heroes_xml","native_exact"
"拉绍涅克","lord_2_22","托加罗夫","clan_sturgia_5","runtime_clan_id_current_game_heroes_xml","native_exact"
"热涅娃","lord_2_22_1","托加罗夫","clan_sturgia_5","runtime_clan_id_current_game_heroes_xml","native_exact"
"加尔登","lord_2_23","伊夏罗夫","clan_sturgia_6","runtime_clan_id_current_game_heroes_xml","native_exact"
"兹拉特卡","lord_2_23_1","伊夏罗夫","clan_sturgia_6","runtime_clan_id_current_game_heroes_xml","native_exact"
"阿尔瓦尔","lord_2_24","托加罗夫","clan_sturgia_5","runtime_clan_id_current_game_heroes_xml","native_exact"
"佐里娜","lord_2_24_1","托加罗夫","clan_sturgia_5","runtime_clan_id_current_game_heroes_xml","native_exact"
"奥列克","lord_2_3","库洛夫","clan_sturgia_2","runtime_clan_id_current_game_heroes_xml","native_exact"
"西加","lord_2_4","库洛夫","clan_sturgia_2","runtime_clan_id_current_game_heroes_xml","native_exact"
"阿波拉涅娅","lord_2_4_1","库洛夫","clan_sturgia_2","runtime_clan_id_current_game_heroes_xml","native_exact"
"戈敦","lord_2_5","瓦吉罗夫","clan_sturgia_3","runtime_clan_id_current_game_heroes_xml","native_exact"
"埃尔塔","lord_2_6","瓦吉罗夫","clan_sturgia_3","runtime_clan_id_current_game_heroes_xml","native_exact"
"西米尔","lord_2_7","贡达罗夫","clan_sturgia_1","runtime_clan_id_current_game_heroes_xml","native_exact"
"密米尔","lord_2_7_1","贡达罗夫","clan_sturgia_1","runtime_clan_id_current_game_heroes_xml","native_exact"
"乌里克","lord_2_8","库洛夫","clan_sturgia_2","runtime_clan_id_current_game_heroes_xml","native_exact"
"列克","lord_2_9","瓦吉罗夫","clan_sturgia_3","runtime_clan_id_current_game_heroes_xml","native_exact"
"温吉德","lord_3_1","巴努·胡勒延","clan_aserai_1","runtime_clan_id_current_game_heroes_xml","native_exact"
"安妮扎","lord_3_10","巴努·胡勒延","clan_aserai_1","runtime_clan_id_current_game_heroes_xml","native_exact"
"阿尔瓦","lord_3_11","巴努·萨兰","clan_aserai_2","runtime_clan_id_current_game_heroes_xml","native_exact"
"玛南","lord_3_12","巴努·吉勒德","clan_aserai_3","runtime_clan_id_current_game_heroes_xml","native_exact"
"努卡尔","lord_3_13","巴努·胡勒延","clan_aserai_1","runtime_clan_id_current_game_heroes_xml","native_exact"
"西拉","lord_3_13_1","巴努·胡勒延","clan_aserai_1","runtime_clan_id_current_game_heroes_xml","native_exact"
"萨姆扎","lord_3_14","巴努·卡拉兹","clan_aserai_4","runtime_clan_id_current_game_heroes_xml","native_exact"
"萨赛莎","lord_3_14_1","巴努·卡拉兹","clan_aserai_4","runtime_clan_id_current_game_heroes_xml","native_exact"
"古齐德","lord_3_15","巴努·卡拉兹","clan_aserai_4","runtime_clan_id_current_game_heroes_xml","native_exact"
"希姆拉","lord_3_15_1","巴努·卡拉兹","clan_aserai_4","runtime_clan_id_current_game_heroes_xml","native_exact"
"苏鲁克","lord_3_16","巴努·卡拉兹","clan_aserai_4","runtime_clan_id_current_game_heroes_xml","native_exact"
"法丽娜","lord_3_16_1","巴努·卡拉兹","clan_aserai_4","runtime_clan_id_current_game_heroes_xml","native_exact"
"伊亚拉斯","lord_3_17","巴努·阿巴斯","clan_aserai_5","runtime_clan_id_current_game_heroes_xml","native_exact"
"谢玛","lord_3_17_1","巴努·阿巴斯","clan_aserai_5","runtime_clan_id_current_game_heroes_xml","native_exact"
"塔拉斯","lord_3_18","巴努·阿提吉","clan_aserai_6","runtime_clan_id_current_game_heroes_xml","native_exact"
"法扎娜","lord_3_18_1","巴努·阿提吉","clan_aserai_6","runtime_clan_id_current_game_heroes_xml","native_exact"
"哈菲莎","lord_3_18_2","巴努·阿提吉","clan_aserai_6","runtime_clan_id_current_game_heroes_xml","native_exact"
"祖艾德","lord_3_18_3","巴努·阿提吉","clan_aserai_6","runtime_clan_id_current_game_heroes_xml","native_exact"
"奥赞","lord_3_19","巴努·萨马勒","clan_aserai_7","runtime_clan_id_current_game_heroes_xml","native_exact"
"萨勒玛","lord_3_19_1","巴努·萨马勒","clan_aserai_7","runtime_clan_id_current_game_heroes_xml","native_exact"
"祖莱卡","lord_3_19_2","巴努·萨马勒","clan_aserai_7","runtime_clan_id_current_game_heroes_xml","native_exact"
"苏哈娜","lord_3_19_3","巴努·萨马勒","clan_aserai_7","runtime_clan_id_current_game_heroes_xml","native_exact"
"金达","lord_3_2","巴努·胡勒延","clan_aserai_1","runtime_clan_id_current_game_heroes_xml","native_exact"
"喀里斯","lord_3_20","巴努·吉勒德","clan_aserai_3","runtime_clan_id_current_game_heroes_xml","native_exact"
"朱蒂拉","lord_3_20_1","巴努·吉勒德","clan_aserai_3","runtime_clan_id_current_game_heroes_xml","native_exact"
"乌海","lord_3_21","巴努·阿巴斯","clan_aserai_5","runtime_clan_id_current_game_heroes_xml","native_exact"
"阿希莎","lord_3_21_1","巴努·阿巴斯","clan_aserai_5","runtime_clan_id_current_game_heroes_xml","native_exact"
"哈珊","lord_3_22","巴努·哈巴卜","clan_aserai_8","runtime_clan_id_current_game_heroes_xml","native_exact"
"亚米娜","lord_3_22_1","巴努·哈巴卜","clan_aserai_8","runtime_clan_id_current_game_heroes_xml","native_exact"
"苏娜","lord_3_22_2","巴努·哈巴卜","clan_aserai_8","runtime_clan_id_current_game_heroes_xml","native_exact"
"卡欣","lord_3_23","巴努·萨马勒","clan_aserai_7","runtime_clan_id_current_game_heroes_xml","native_exact"
"苏凯娜","lord_3_23_1","巴努·萨马勒","clan_aserai_7","runtime_clan_id_current_game_heroes_xml","native_exact"
"阿德拉姆","lord_3_3","巴努·萨兰","clan_aserai_2","runtime_clan_id_current_game_heroes_xml","native_exact"
"塔里克","lord_3_3_1","巴努·萨兰","clan_aserai_2","runtime_clan_id_current_game_heroes_xml","native_exact"
"马拉","lord_3_4","巴努·萨兰","clan_aserai_2","runtime_clan_id_current_game_heroes_xml","native_exact"
"泰伊斯","lord_3_5","巴努·吉勒德","clan_aserai_3","runtime_clan_id_current_game_heroes_xml","native_exact"
"哈坎","lord_3_51","巴努·吉勒德","clan_aserai_3","runtime_clan_id_current_game_heroes_xml","native_exact"
"鲁玛","lord_3_6","巴努·吉勒德","clan_aserai_3","runtime_clan_id_current_game_heroes_xml","native_exact"
"济尤勒","lord_3_7","巴努·胡勒延","clan_aserai_1","runtime_clan_id_current_game_heroes_xml","native_exact"
"阿达斯","lord_3_8","巴努·萨兰","clan_aserai_2","runtime_clan_id_current_game_heroes_xml","native_exact"
"乌赛伊尔","lord_3_9","巴努·吉勒德","clan_aserai_3","runtime_clan_id_current_game_heroes_xml","native_exact"
"德泰尔","lord_4_1","戴·梅罗克","clan_vlandia_1","runtime_clan_id_current_game_heroes_xml","native_exact"
"厄吕斯","lord_4_10","戴·梅罗克","clan_vlandia_1","runtime_clan_id_current_game_heroes_xml","native_exact"
"莉耶娜","lord_4_11","戴·提哈","clan_vlandia_2","runtime_clan_id_current_game_heroes_xml","native_exact"
"茜尔文","lord_4_12","戴·阿罗曼克","clan_vlandia_3","runtime_clan_id_current_game_heroes_xml","native_exact"
"拉桑","lord_4_121","戴·阿罗曼克","clan_vlandia_3","runtime_clan_id_current_game_heroes_xml","native_exact"
"罗蒙德","lord_4_13","戴·梅罗克","clan_vlandia_1","runtime_clan_id_current_game_heroes_xml","native_exact"
"莫尔孔","lord_4_14","戴·梅罗克","clan_vlandia_1","runtime_clan_id_current_game_heroes_xml","native_exact"
"阿莫孔","lord_4_141","戴·梅罗克","clan_vlandia_1","runtime_clan_id_current_game_heroes_xml","native_exact"
"埃尔杜兰","lord_4_15","戴·梅罗克","clan_vlandia_1","runtime_clan_id_current_game_heroes_xml","native_exact"
"因加泰尔","lord_4_16","戴·科尔坦","clan_vlandia_4","runtime_clan_id_current_game_heroes_xml","native_exact"
"米特拉","lord_4_16_1","戴·科尔坦","clan_vlandia_4","runtime_clan_id_current_game_heroes_xml","native_exact"
"埃尔蓓","lord_4_17","戴·科尔坦","clan_vlandia_4","runtime_clan_id_current_game_heroes_xml","native_exact"
"阿马尔甘","lord_4_18","戴·科尔坦","clan_vlandia_4","runtime_clan_id_current_game_heroes_xml","native_exact"
"阿尔塔蒙德","lord_4_181","戴·科尔坦","clan_vlandia_4","runtime_clan_id_current_game_heroes_xml","native_exact"
"阿瑟拉","lord_4_19","戴·科尔坦","clan_vlandia_4","runtime_clan_id_current_game_heroes_xml","native_exact"
"菲利诺拉","lord_4_2","戴·梅罗克","clan_vlandia_1","runtime_clan_id_current_game_heroes_xml","native_exact"
"瓦尔蒙德","lord_4_20","戴·瓦朗","clan_vlandia_6","runtime_clan_id_current_game_heroes_xml","native_exact"
"因格特鲁德","lord_4_20_1","戴·瓦朗","clan_vlandia_6","runtime_clan_id_current_game_heroes_xml","native_exact"
"奥斯皮尔","lord_4_21","戴·贡里克","clan_vlandia_5","runtime_clan_id_current_game_heroes_xml","native_exact"
"塞尔维克","lord_4_22","戴·瓦朗","clan_vlandia_6","runtime_clan_id_current_game_heroes_xml","native_exact"
"阿尔维特","lord_4_22_1","戴·瓦朗","clan_vlandia_6","runtime_clan_id_current_game_heroes_xml","native_exact"
"贝尔吉尔","lord_4_23","戴·佛特斯","clan_vlandia_7","runtime_clan_id_current_game_heroes_xml","native_exact"
"里谢尔达","lord_4_23_1","戴·佛特斯","clan_vlandia_7","runtime_clan_id_current_game_heroes_xml","native_exact"
"安丝特鲁达","lord_4_23_2","戴·佛特斯","clan_vlandia_7","runtime_clan_id_current_game_heroes_xml","native_exact"
"埃莱迪兰","lord_4_23_3","戴·佛特斯","clan_vlandia_7","runtime_clan_id_current_game_heroes_xml","native_exact"
"赫卡尔","lord_4_24","戴·莫拉恩","clan_vlandia_8","runtime_clan_id_current_game_heroes_xml","native_exact"
"阿达特鲁德","lord_4_24_1","戴·莫拉恩","clan_vlandia_8","runtime_clan_id_current_game_heroes_xml","native_exact"
"古东赫尔达","lord_4_24_2","戴·莫拉恩","clan_vlandia_8","runtime_clan_id_current_game_heroes_xml","native_exact"
"因贡德","lord_4_24_3","戴·莫拉恩","clan_vlandia_8","runtime_clan_id_current_game_heroes_xml","native_exact"
"卢康","lord_4_25","戴·贡里克","clan_vlandia_5","runtime_clan_id_current_game_heroes_xml","native_exact"
"贝特莉安娜","lord_4_25_1","戴·贡里克","clan_vlandia_5","runtime_clan_id_current_game_heroes_xml","native_exact"
"佩里克","lord_4_26","戴·莫拉恩","clan_vlandia_8","runtime_clan_id_current_game_heroes_xml","native_exact"
"赖因加达","lord_4_26_1","戴·莫拉恩","clan_vlandia_8","runtime_clan_id_current_game_heroes_xml","native_exact"
"瓦尔坦","lord_4_27","戴·热兰","clan_vlandia_9","runtime_clan_id_current_game_heroes_xml","native_exact"
"利特加蒂斯","lord_4_27_1","戴·热兰","clan_vlandia_9","runtime_clan_id_current_game_heroes_xml","native_exact"
"埃卡朗","lord_4_28","戴·佛尔坎","clan_vlandia_10","runtime_clan_id_current_game_heroes_xml","native_exact"
"阿达琳迪斯","lord_4_28_1","戴·佛尔坎","clan_vlandia_10","runtime_clan_id_current_game_heroes_xml","native_exact"
"莫里亚娜","lord_4_28_2","戴·佛尔坎","clan_vlandia_10","runtime_clan_id_current_game_heroes_xml","native_exact"
"阿尔德里克","lord_4_3","戴·提哈","clan_vlandia_2","runtime_clan_id_current_game_heroes_xml","native_exact"
"梅根赫尔达","lord_4_3_1","戴·提哈","clan_vlandia_2","runtime_clan_id_current_game_heroes_xml","native_exact"
"埃蒂尔德","lord_4_4","戴·提哈","clan_vlandia_2","runtime_clan_id_current_game_heroes_xml","native_exact"
"恩泰里","lord_4_5","戴·阿罗曼克","clan_vlandia_3","runtime_clan_id_current_game_heroes_xml","native_exact"
"卡拉蒂尔德","lord_4_6","戴·阿罗曼克","clan_vlandia_3","runtime_clan_id_current_game_heroes_xml","native_exact"
"奥多芙蕾德","lord_4_6_1","戴·阿罗曼克","clan_vlandia_3","runtime_clan_id_current_game_heroes_xml","native_exact"
"阿拉里","lord_4_7","戴·梅罗克","clan_vlandia_1","runtime_clan_id_current_game_heroes_xml","native_exact"
"费恩哈尔","lord_4_8","戴·提哈","clan_vlandia_2","runtime_clan_id_current_game_heroes_xml","native_exact"
"托蒙德","lord_4_9","戴·阿罗曼克","clan_vlandia_3","runtime_clan_id_current_game_heroes_xml","native_exact"
"卡拉多格","lord_5_1","芬·格鲁芬多克","clan_battania_1","runtime_clan_id_current_game_heroes_xml","native_exact"
"科林","lord_5_10","芬·格鲁芬多克","clan_battania_1","runtime_clan_id_current_game_heroes_xml","native_exact"
"阿琳妮丝","lord_5_11","芬·登吉尔","clan_battania_2","runtime_clan_id_current_game_heroes_xml","native_exact"
"维苏茵","lord_5_12","芬·乌万","clan_battania_3","runtime_clan_id_current_game_heroes_xml","native_exact"
"明瑟","lord_5_13","芬·格鲁芬多克","clan_battania_1","runtime_clan_id_current_game_heroes_xml","native_exact"
"拉奇","lord_5_131","芬·格鲁芬多克","clan_battania_1","runtime_clan_id_current_game_heroes_xml","native_exact"
"卢伊汉","lord_5_14","芬·潘拉克","clan_battania_4","runtime_clan_id_current_game_heroes_xml","native_exact"
"埃比尔","lord_5_14_1","芬·潘拉克","clan_battania_4","runtime_clan_id_current_game_heroes_xml","native_exact"
"普林多尔","lord_5_15","芬·莫卡尔","clan_battania_7","runtime_clan_id_current_game_heroes_xml","native_exact"
"弗洛赖德","lord_5_15_1","芬·莫卡尔","clan_battania_7","runtime_clan_id_current_game_heroes_xml","native_exact"
"贝特林","lord_5_15_2","芬·莫卡尔","clan_battania_7","runtime_clan_id_current_game_heroes_xml","native_exact"
"埃隆","lord_5_16","芬·吉尔","clan_battania_5","runtime_clan_id_current_game_heroes_xml","native_exact"
"莉亚欣","lord_5_16_1","芬·吉尔","clan_battania_5","runtime_clan_id_current_game_heroes_xml","native_exact"
"阿拉德维尔","lord_5_17","芬·埃因加尔","clan_battania_6","runtime_clan_id_current_game_heroes_xml","native_exact"
"布丽甘","lord_5_17_1","芬·埃因加尔","clan_battania_6","runtime_clan_id_current_game_heroes_xml","native_exact"
"布兰诺克","lord_5_18","芬·莫卡尔","clan_battania_7","runtime_clan_id_current_game_heroes_xml","native_exact"
"肖娜格","lord_5_18_1","芬·莫卡尔","clan_battania_7","runtime_clan_id_current_game_heroes_xml","native_exact"
"费纳甘","lord_5_19","芬·潘拉克","clan_battania_4","runtime_clan_id_current_game_heroes_xml","native_exact"
"夏拉穆斯","lord_5_20","芬·吉尔","clan_battania_5","runtime_clan_id_current_game_heroes_xml","native_exact"
"卡费德","lord_5_21","芬·埃因加尔","clan_battania_6","runtime_clan_id_current_game_heroes_xml","native_exact"
"贝阿塔格","lord_5_21_1","芬·埃因加尔","clan_battania_6","runtime_clan_id_current_game_heroes_xml","native_exact"
"蒂尔谢","lord_5_21_2","芬·埃因加尔","clan_battania_6","runtime_clan_id_current_game_heroes_xml","native_exact"
"费亚拉德","lord_5_22","芬·潘拉克","clan_battania_4","runtime_clan_id_current_game_heroes_xml","native_exact"
"埃尔贡","lord_5_3","芬·登吉尔","clan_battania_2","runtime_clan_id_current_game_heroes_xml","native_exact"
"拉瑙恩","lord_5_3_1","芬·登吉尔","clan_battania_2","runtime_clan_id_current_game_heroes_xml","native_exact"
"拉道古尔","lord_5_3_2","芬·登吉尔","clan_battania_2","runtime_clan_id_current_game_heroes_xml","native_exact"
"妮温","lord_5_4","芬·登吉尔","clan_battania_2","runtime_clan_id_current_game_heroes_xml","native_exact"
"梅利迪尔","lord_5_5","芬·乌万","clan_battania_3","runtime_clan_id_current_game_heroes_xml","native_exact"
"埃莉德","lord_5_5_1","芬·乌万","clan_battania_3","runtime_clan_id_current_game_heroes_xml","native_exact"
"阿尔凯娅","lord_5_6","芬·乌万","clan_battania_3","runtime_clan_id_current_game_heroes_xml","native_exact"
"门格斯","lord_5_7","芬·格鲁芬多克","clan_battania_1","runtime_clan_id_current_game_heroes_xml","native_exact"
"塞因","lord_5_8","芬·登吉尔","clan_battania_2","runtime_clan_id_current_game_heroes_xml","native_exact"
"库尔哈恩","lord_5_9","芬·乌万","clan_battania_3","runtime_clan_id_current_game_heroes_xml","native_exact"
"特甘","lord_5_91","芬·乌万","clan_battania_3","runtime_clan_id_current_game_heroes_xml","native_exact"
"蒙楚格","lord_6_1","兀儿浑乃特","clan_khuzait_1","runtime_clan_id_current_game_heroes_xml","native_exact"
"阿丽真","lord_6_10","兀儿浑乃特","clan_khuzait_1","runtime_clan_id_current_game_heroes_xml","native_exact"
"博剌特","lord_6_101","兀儿浑乃特","clan_khuzait_1","runtime_clan_id_current_game_heroes_xml","native_exact"
"雅那","lord_6_11","库吉特","clan_khuzait_2","runtime_clan_id_current_game_heroes_xml","native_exact"
"阿巴该","lord_6_12","阿契特","clan_khuzait_3","runtime_clan_id_current_game_heroes_xml","native_exact"
"孛儿图","lord_6_13","兀儿浑乃特","clan_khuzait_1","runtime_clan_id_current_game_heroes_xml","native_exact"
"斡剌古儿","lord_6_15","阿契特","clan_khuzait_3","runtime_clan_id_current_game_heroes_xml","native_exact"
"豁力真","lord_6_15_1","阿契特","clan_khuzait_3","runtime_clan_id_current_game_heroes_xml","native_exact"
"辞成","lord_6_15_2","阿契特","clan_khuzait_3","runtime_clan_id_current_game_heroes_xml","native_exact"
"呼鲁那格","lord_6_16","帖克力特","clan_khuzait_4","runtime_clan_id_current_game_heroes_xml","native_exact"
"察木步亦","lord_6_16_1","帖克力特","clan_khuzait_4","runtime_clan_id_current_game_heroes_xml","native_exact"
"兀那根","lord_6_16_2","帖克力特","clan_khuzait_4","runtime_clan_id_current_game_heroes_xml","native_exact"
"阿克鲁木","lord_6_17","合儿必特","clan_khuzait_5","runtime_clan_id_current_game_heroes_xml","native_exact"
"额儿格捏","lord_6_17_1","合儿必特","clan_khuzait_5","runtime_clan_id_current_game_heroes_xml","native_exact"
"亦剌塔儿","lord_6_18","巴鲁台特","clan_khuzait_6","runtime_clan_id_current_game_heroes_xml","native_exact"
"惕伦","lord_6_18_1","巴鲁台特","clan_khuzait_6","runtime_clan_id_current_game_heroes_xml","native_exact"
"察衮","lord_6_18_2","巴鲁台特","clan_khuzait_6","runtime_clan_id_current_game_heroes_xml","native_exact"
"合努占","lord_6_19","阔勒帖特","clan_khuzait_7","runtime_clan_id_current_game_heroes_xml","native_exact"
"锁合台","lord_6_19_1","阔勒帖特","clan_khuzait_7","runtime_clan_id_current_game_heroes_xml","native_exact"
"廓儿帖","lord_6_19_2","阔勒帖特","clan_khuzait_7","runtime_clan_id_current_game_heroes_xml","native_exact"
"阿那特","lord_6_2","兀儿浑乃特","clan_khuzait_1","runtime_clan_id_current_game_heroes_xml","native_exact"
"达思鲁儿","lord_6_20","颜赛力特","clan_khuzait_8","runtime_clan_id_current_game_heroes_xml","native_exact"
"吉固","lord_6_20_1","颜赛力特","clan_khuzait_8","runtime_clan_id_current_game_heroes_xml","native_exact"
"乌勒曼","lord_6_21","合儿必特","clan_khuzait_5","runtime_clan_id_current_game_heroes_xml","native_exact"
"额撒彻","lord_6_21_1","合儿必特","clan_khuzait_5","runtime_clan_id_current_game_heroes_xml","native_exact"
"阿察库","lord_6_22","巴鲁台特","clan_khuzait_6","runtime_clan_id_current_game_heroes_xml","native_exact"
"额色楞","lord_6_22_1","巴鲁台特","clan_khuzait_6","runtime_clan_id_current_game_heroes_xml","native_exact"
"斤帖格","lord_6_23","阔勒帖特","clan_khuzait_7","runtime_clan_id_current_game_heroes_xml","native_exact"
"墨恢儿","lord_6_24","帖克力特","clan_khuzait_4","runtime_clan_id_current_game_heroes_xml","native_exact"
"拔该","lord_6_3","库吉特","clan_khuzait_2","runtime_clan_id_current_game_heroes_xml","native_exact"
"墨速宜","lord_6_4","库吉特","clan_khuzait_2","runtime_clan_id_current_game_heroes_xml","native_exact"
"突剌格","lord_6_5","阿契特","clan_khuzait_3","runtime_clan_id_current_game_heroes_xml","native_exact"
"喀答","lord_6_51","阿契特","clan_khuzait_3","runtime_clan_id_current_game_heroes_xml","native_exact"
"速兰","lord_6_6","帖克力特","clan_khuzait_4","runtime_clan_id_current_game_heroes_xml","native_exact"
"察罕","lord_6_7","兀儿浑乃特","clan_khuzait_1","runtime_clan_id_current_game_heroes_xml","native_exact"
"额速儿","lord_6_8","库吉特","clan_khuzait_2","runtime_clan_id_current_game_heroes_xml","native_exact"
"纳延泰","lord_6_81","库吉特","clan_khuzait_2","runtime_clan_id_current_game_heroes_xml","native_exact"
"帖蒙","lord_6_9","阿契特","clan_khuzait_3","runtime_clan_id_current_game_heroes_xml","native_exact"
"哈尔达尔","lord_7_1","许尔夫","clan_nord_1","runtime_clan_id_war_sails_heroes_xml","war_sails_runtime_exact"
"姆亚尔里克","lord_7_1_1",,"clan_nord_1","runtime_clan_id_war_sails_heroes_xml","war_sails_runtime_exact"
"西敦里克","lord_7_1_2",,"clan_nord_1","runtime_clan_id_war_sails_heroes_xml","war_sails_runtime_exact"
"提尔西夫","lord_7_1_3",,"clan_nord_1","runtime_clan_id_war_sails_heroes_xml","war_sails_runtime_exact"
"奥尔维","lord_7_13",,"clan_nord_1","runtime_clan_id_war_sails_heroes_xml","war_sails_runtime_exact"
"贡亚德里","lord_7_13_1",,"clan_nord_1","runtime_clan_id_war_sails_heroes_xml","war_sails_runtime_exact"
"伊芬亚","lord_7_13_2",,"clan_nord_1","runtime_clan_id_war_sails_heroes_xml","war_sails_runtime_exact"
"瓦尔米阿","lord_7_13_4",,"clan_nord_1","runtime_clan_id_war_sails_heroes_xml","war_sails_runtime_exact"
"格恩莱于提","lord_7_14",,"clan_nord_4","runtime_clan_id_war_sails_heroes_xml","war_sails_runtime_exact"
"于叙夫","lord_7_14_1",,"clan_nord_4","runtime_clan_id_war_sails_heroes_xml","war_sails_runtime_exact"
"阿尔里卡","lord_7_14_2",,"clan_nord_4","runtime_clan_id_war_sails_heroes_xml","war_sails_runtime_exact"
"温约特","lord_7_15",,"clan_nord_7","runtime_clan_id_war_sails_heroes_xml","war_sails_runtime_exact"
"托夫沙","lord_7_15_1",,"clan_nord_7","runtime_clan_id_war_sails_heroes_xml","war_sails_runtime_exact"
"于德林娅","lord_7_15_2",,"clan_nord_7","runtime_clan_id_war_sails_heroes_xml","war_sails_runtime_exact"
"奥托盖","lord_7_15_4",,"clan_nord_7","runtime_clan_id_war_sails_heroes_xml","war_sails_runtime_exact"
"莉莲","lord_7_15_5",,"clan_nord_7","runtime_clan_id_war_sails_heroes_xml","war_sails_runtime_exact"
"凯于塔斯","lord_7_16",,"clan_nord_4","runtime_clan_id_war_sails_heroes_xml","war_sails_runtime_exact"
"阿尔莎","lord_7_16_1",,"clan_nord_4","runtime_clan_id_war_sails_heroes_xml","war_sails_runtime_exact"
"赫尔盖","lord_7_17",,"clan_nord_5","runtime_clan_id_war_sails_heroes_xml","war_sails_runtime_exact"
"斯卡恰","lord_7_17_1",,"clan_nord_5","runtime_clan_id_war_sails_heroes_xml","war_sails_runtime_exact"
"加夫尼尔","lord_7_18",,"clan_nord_6","runtime_clan_id_war_sails_heroes_xml","war_sails_runtime_exact"
"维塔叙拉","lord_7_18_1",,"clan_nord_6","runtime_clan_id_war_sails_heroes_xml","war_sails_runtime_exact"
"弥林","lord_7_19",,"clan_nord_7","runtime_clan_id_war_sails_heroes_xml","war_sails_runtime_exact"
"雅明娅","lord_7_2",,"clan_nord_1","runtime_clan_id_war_sails_heroes_xml","war_sails_runtime_exact"
"托韦里克","lord_7_20",,"clan_nord_8","runtime_clan_id_war_sails_heroes_xml","war_sails_runtime_exact"
"瓦娜","lord_7_20_1",,"clan_nord_8","runtime_clan_id_war_sails_heroes_xml","war_sails_runtime_exact"
"斯沃尼","lord_7_21",,"clan_nord_4","runtime_clan_id_war_sails_heroes_xml","war_sails_runtime_exact"
"比约拉布隆姆","lord_7_21_1",,"clan_nord_4","runtime_clan_id_war_sails_heroes_xml","war_sails_runtime_exact"
"比约伊尔","lord_7_22",,"clan_nord_5","runtime_clan_id_war_sails_heroes_xml","war_sails_runtime_exact"
"赫拉尔萨","lord_7_22_1",,"clan_nord_5","runtime_clan_id_war_sails_heroes_xml","war_sails_runtime_exact"
"卡尔莱克","lord_7_23",,"clan_nord_6","runtime_clan_id_war_sails_heroes_xml","war_sails_runtime_exact"
"厄尔维林亚","lord_7_23_1",,"clan_nord_6","runtime_clan_id_war_sails_heroes_xml","war_sails_runtime_exact"
"奥尔薇拉","lord_7_23_2",,"clan_nord_6","runtime_clan_id_war_sails_heroes_xml","war_sails_runtime_exact"
"伊格瓦尔","lord_7_24",,"clan_nord_5","runtime_clan_id_war_sails_heroes_xml","war_sails_runtime_exact"
"维斯特伦","lord_7_24_1",,"clan_nord_5","runtime_clan_id_war_sails_heroes_xml","war_sails_runtime_exact"
"达格维","lord_7_25",,"clan_nord_9","runtime_clan_id_war_sails_heroes_xml","war_sails_runtime_exact"
"德里瓦娜","lord_7_25_1",,"clan_nord_9","runtime_clan_id_war_sails_heroes_xml","war_sails_runtime_exact"
"奥特法","lord_7_26",,"clan_nord_9","runtime_clan_id_war_sails_heroes_xml","war_sails_runtime_exact"
"安勒","lord_7_27",,"clan_nord_9","runtime_clan_id_war_sails_heroes_xml","war_sails_runtime_exact"
"特里文","lord_7_28",,"clan_nord_9","runtime_clan_id_war_sails_heroes_xml","war_sails_runtime_exact"
"圭卡","lord_7_3","肖尔德","clan_nord_2","runtime_clan_id_war_sails_heroes_xml","war_sails_runtime_exact"
"盖于特加","lord_7_3_1",,"clan_nord_2","runtime_clan_id_war_sails_heroes_xml","war_sails_runtime_exact"
"伊里德伦","lord_7_3_2",,"clan_nord_2","runtime_clan_id_war_sails_heroes_xml","war_sails_runtime_exact"
"海姆希尔","lord_7_3_3",,"clan_nord_2","runtime_clan_id_war_sails_heroes_xml","war_sails_runtime_exact"
"阿格林娅","lord_7_4",,"clan_nord_2","runtime_clan_id_war_sails_heroes_xml","war_sails_runtime_exact"
"迪法","lord_7_4_1",,"clan_nord_2","runtime_clan_id_war_sails_heroes_xml","war_sails_runtime_exact"
"阿丝葛莎","lord_7_5","奥特尔","clan_nord_3","runtime_clan_id_war_sails_heroes_xml","war_sails_runtime_exact"
"谢翁","lord_7_5_1",,"clan_nord_3","runtime_clan_id_war_sails_heroes_xml","war_sails_runtime_exact"
"埃尔菲亚","lord_7_5_2",,"clan_nord_3","runtime_clan_id_war_sails_heroes_xml","war_sails_runtime_exact"
"恩亚斯尼","lord_7_5_3",,"clan_nord_3","runtime_clan_id_war_sails_heroes_xml","war_sails_runtime_exact"
"维蒂尔","lord_7_6",,"clan_nord_3","runtime_clan_id_war_sails_heroes_xml","war_sails_runtime_exact"
"济拉","lord_A9_c","巴努·鲁瓦","clan_aserai_9","runtime_clan_id_current_game_heroes_xml","native_exact"
"阿卡尔","lord_A9_l","巴努·鲁瓦","clan_aserai_9","runtime_clan_id_current_game_heroes_xml","native_exact"
"锡卡","lord_A9_s","巴努·鲁瓦","clan_aserai_9","runtime_clan_id_current_game_heroes_xml","native_exact"
"卡班","lord_A9_u","巴努·鲁瓦","clan_aserai_9","runtime_clan_id_current_game_heroes_xml","native_exact"
"古兰","lord_B8_c","芬·凯尔纳奇","clan_battania_8","runtime_clan_id_current_game_heroes_xml","native_exact"
"毛蕾阿斯","lord_B8_l","芬·凯尔纳奇","clan_battania_8","runtime_clan_id_current_game_heroes_xml","native_exact"
"罗达拉克","lord_B8_s","芬·凯尔纳奇","clan_battania_8","runtime_clan_id_current_game_heroes_xml","native_exact"
"孛容察儿","lord_K8_u","颜赛力特","clan_khuzait_8","runtime_clan_id_current_game_heroes_xml","native_exact"
"阿勒涂","lord_K9_c1","斡不力特","clan_khuzait_9","runtime_clan_id_current_game_heroes_xml","native_exact"
"墨剌","lord_K9_c2","斡不力特","clan_khuzait_9","runtime_clan_id_current_game_heroes_xml","native_exact"
"古速坎","lord_K9_l","斡不力特","clan_khuzait_9","runtime_clan_id_current_game_heroes_xml","native_exact"
"辞温","lord_K9_s","斡不力特","clan_khuzait_9","runtime_clan_id_current_game_heroes_xml","native_exact"
"涅斯堤斯","lord_NE7_u","法伦忒斯","clan_empire_north_7","runtime_clan_id_current_game_heroes_xml","native_exact"
"忒阿维索斯","lord_NE8_c1","瓦塔采斯","clan_empire_north_8","runtime_clan_id_current_game_heroes_xml","native_exact"
"马利齐俄斯","lord_NE8_l","瓦塔采斯","clan_empire_north_8","runtime_clan_id_current_game_heroes_xml","native_exact"
"普拉敦提娅","lord_NE8_s","瓦塔采斯","clan_empire_north_8","runtime_clan_id_current_game_heroes_xml","native_exact"
"瓦弥那","lord_NE9_d","塞拉庇得斯","clan_empire_north_9","runtime_clan_id_current_game_heroes_xml","native_exact"
"波法利奥斯","lord_NE9_l","塞拉庇得斯","clan_empire_north_9","runtime_clan_id_current_game_heroes_xml","native_exact"
"埃索斯","lord_NE9_s","塞拉庇得斯","clan_empire_north_9","runtime_clan_id_current_game_heroes_xml","native_exact"
"加卢克","lord_S8_u","乌布罗夫","clan_sturgia_8","runtime_clan_id_current_game_heroes_xml","native_exact"
"福里姆","lord_S9_c","科斯托罗夫","clan_sturgia_9","runtime_clan_id_current_game_heroes_xml","native_exact"
"罗兰","lord_S9_l","科斯托罗夫","clan_sturgia_9","runtime_clan_id_current_game_heroes_xml","native_exact"
"达希拉","lord_S9_m","科斯托罗夫","clan_sturgia_9","runtime_clan_id_current_game_heroes_xml","native_exact"
"恰斯季米尔","lord_S9_u","科斯托罗夫","clan_sturgia_9","runtime_clan_id_current_game_heroes_xml","native_exact"
"伊塔里娅","lord_SE8_c","普里厄尼科斯","clan_empire_south_8","runtime_clan_id_current_game_heroes_xml","native_exact"
"帕加里俄斯","lord_SE9_c1","维特然尼斯","clan_empire_south_9","runtime_clan_id_current_game_heroes_xml","native_exact"
"狄亚丝卡","lord_SE9_c2","维特然尼斯","clan_empire_south_9","runtime_clan_id_current_game_heroes_xml","native_exact"
"萨特洛斯","lord_SE9_l","维特然尼斯","clan_empire_south_9","runtime_clan_id_current_game_heroes_xml","native_exact"
"伊翁娜","lord_SE9_s","维特然尼斯","clan_empire_south_9","runtime_clan_id_current_game_heroes_xml","native_exact"
"埃朗达拉","lord_V11_c1","戴·洛塔德","clan_vlandia_11","runtime_clan_id_current_game_heroes_xml","native_exact"
"达甘尼克","lord_V11_c2","戴·洛塔德","clan_vlandia_11","runtime_clan_id_current_game_heroes_xml","native_exact"
"伯里康","lord_V11_l","戴·洛塔德","clan_vlandia_11","runtime_clan_id_current_game_heroes_xml","native_exact"
"沃勒里克","lord_V11_u","戴·洛塔德","clan_vlandia_11","runtime_clan_id_current_game_heroes_xml","native_exact"
"于兰迪夫","lord_V9_u","戴·热兰","clan_vlandia_9","runtime_clan_id_current_game_heroes_xml","native_exact"
"伊克拉提娅","lord_WE8_c","马涅俄利斯","clan_empire_west_8","runtime_clan_id_current_game_heroes_xml","native_exact"
"瓦密洛斯","lord_WE8_u","马涅俄利斯","clan_empire_west_8","runtime_clan_id_current_game_heroes_xml","native_exact"
"温坎提俄斯","lord_WE9_l","帕拉狄俄斯","clan_empire_west_9","runtime_clan_id_current_game_heroes_xml","native_exact"
"欧蕾萨","lord_WE9_u","帕拉狄俄斯","clan_empire_west_9","runtime_clan_id_current_game_heroes_xml","native_exact"
"托耳瓦西斯","lord_WE9_u2","帕拉狄俄斯","clan_empire_west_9","runtime_clan_id_current_game_heroes_xml","native_exact"
